0.0 0.0
0.009900990099009901 0.10732994798420012
0.019801980198019802 0.21455075945967755
0.0297029702970297 0.3216500823530717
0.039603960396039604 0.42861418301194054
0.04950495049504951 0.5354277956165581
0.0594059405940594 0.6420739561245784
0.06930693069306931 0.7485338193892969
0.07920792079207921 0.8547864580302955
0.0891089108910891 0.960808641586786
0.09900990099009901 1.0665745944547236
0.10891089108910891 1.1720557311059154
0.1188118811881188 1.2772203671197382
0.12871287128712872 1.3820334046364402
0.13861386138613863 1.4864559909783506
0.1485148514851485 1.590445149397065
0.15841584158415842 1.6939533812090608
0.16831683168316833 1.7969282390003414
0.1782178217821782 1.89931187113674
0.18811881188118812 2.0010405385375316
0.19801980198019803 2.102044105585604
0.2079207920792079 2.2022455081891743
0.21782178217821782 2.3015602034099745
0.22772277227722773 2.3998956067619033
0.2376237623762376 2.497150525289243
0.24752475247524752 2.5932145968738105
0.25742574257425743 2.6879677489022895
0.26732673267326734 2.781279692435864
0.27722772277227725 2.873009471324677
0.2871287128712871 2.9630050892244655
0.297029702970297 3.0511032410811607
0.3069306930693069 3.1371291791752003
0.31683168316831684 3.220896747020036
0.32673267326732675 3.3022086169784117
0.33663366336633666 3.3808567690138784
0.3465346534653465 3.4566232480895542
0.3564356435643564 3.529281235873177
0.36633663366336633 3.5985964681089655
0.37623762376237624 3.6643290218147007
0.38613861386138615 3.7262354860059252
0.39603960396039606 3.7840715157753326
0.40594059405940597 3.8375947523765563
0.4158415841584158 3.8865680719475764
0.42574257425742573 3.930763103547774
0.43564356435643564 3.969963934599938
0.44554455445544555 4.003970900348128
0.45544554455445546 4.03260433557288
0.46534653465346537 4.055708153652056
0.4752475247524752 4.073153112068214
0.48514851485148514 4.084839626150134
0.49504950495049505 4.090700004992057
0.504950495049505 4.0907000049920565
0.5148514851485149 4.084839626150132
0.5247524752475248 4.07315311206821
0.5346534653465347 4.055708153652051
0.5445544554455446 4.032604335572874
0.5544554455445545 4.003970900348121
0.5643564356435643 3.96996393459993
0.5742574257425742 3.930763103547765
0.5841584158415841 3.886568071947566
0.594059405940594 3.8375947523765452
0.6039603960396039 3.784071515775322
0.6138613861386139 3.726235486005914
0.6237623762376238 3.66432902181469
0.6336633663366337 3.5985964681089553
0.6435643564356436 3.5292812358731656
0.6534653465346535 3.456623248089542
0.6633663366336634 3.3808567690138656
0.6732673267326733 3.302208616978399
0.6831683168316832 3.220896747020022
0.693069306930693 3.137129179175186
0.7029702970297029 3.051103241081147
0.7128712871287128 2.963005089224452
0.7227722772277227 2.8730094713246648
0.7326732673267327 2.7812796924358514
0.7425742574257426 2.687967748902278
0.7524752475247525 2.5932145968738003
0.7623762376237624 2.4971505252892334
0.7722772277227723 2.399895606761894
0.7821782178217822 2.3015602034099656
0.7920792079207921 2.202245508189166
0.801980198019802 2.1020441055855956
0.8118811881188119 2.001040538537524
0.8217821782178217 1.899311871136733
0.8316831683168316 1.7969282390003345
0.8415841584158416 1.693953381209055
0.8514851485148515 1.5904451493970593
0.8613861386138614 1.4864559909783455
0.8712871287128713 1.3820334046364353
0.8811881188118812 1.2772203671197337
0.8910891089108911 1.1720557311059117
0.900990099009901 1.0665745944547198
0.9108910891089109 0.9608086415867829
0.9207920792079208 0.8547864580302929
0.9306930693069307 0.7485338193892945
0.9405940594059405 0.6420739561245765
0.9504950495049505 0.5354277956165567
0.9603960396039604 0.4286141830119395
0.9702970297029703 0.32165008235307085
0.9801980198019802 0.21455075945967697
0.9900990099009901 0.10732994798419983
1.0 0.0
