1 0.0625
2 0.030471386284872164
3 0.011212232235799494
4 0.003560112481659203
5 0.0010143777608221244
6 0.0002625615271330539
7 6.144396973098432e-5
8 1.2635568621119364e-5
9 2.0846613746489107e-6
10 4.2588673937471455e-7
11 1.111200710335325e-7
12 4.070171678860479e-8
13 1.6373301603422874e-8
14 5.382437315293309e-9
15 1.5631524408199482e-9
16 4.107441192724437e-10
17 9.76760478055283e-11
18 2.0539125955565396e-11
19 3.540001625168543e-12
20 6.563638521583925e-13
21 1.7369439220260574e-13
22 5.767608612927688e-14
23 2.425837308805967e-14
24 8.146261443187086e-15
25 2.4147350785597155e-15
26 6.245004513516506e-16
27 1.5265566588595902e-16
28 5.551115123125783e-17
29 1.3877787807814457e-17
