0.0 0.0
0.009900990099009901 0.10732994798419923
0.019801980198019802 0.21455075945967578
0.0297029702970297 0.321650082353069
0.039603960396039604 0.4286141830119371
0.04950495049504951 0.5354277956165537
0.0594059405940594 0.6420739561245732
0.06930693069306931 0.7485338193892906
0.07920792079207921 0.8547864580302882
0.0891089108910891 0.9608086415867778
0.09900990099009901 1.0665745944547143
0.10891089108910891 1.1720557311059054
0.1188118811881188 1.277220367119727
0.12871287128712872 1.3820334046364278
0.13861386138613863 1.486455990978337
0.1485148514851485 1.5904451493970502
0.15841584158415842 1.6939533812090446
0.16831683168316833 1.796928239000324
0.1782178217821782 1.8993118711367223
0.18811881188118812 2.001040538537513
0.19801980198019803 2.1020441055855854
0.2079207920792079 2.2022455081891557
0.21782178217821782 2.301560203409956
0.22772277227722773 2.3998956067618846
0.2376237623762376 2.4971505252892254
0.24752475247524752 2.593214596873793
0.25742574257425743 2.687967748902273
0.26732673267326734 2.781279692435848
0.27722772277227725 2.8730094713246626
0.2871287128712871 2.9630050892244513
0.297029702970297 3.0511032410811483
0.3069306930693069 3.137129179175189
0.31683168316831684 3.2208967470200265
0.32673267326732675 3.3022086169784033
0.33663366336633666 3.3808567690138718
0.3465346534653465 3.456623248089549
0.3564356435643564 3.529281235873173
0.36633663366336633 3.5985964681089633
0.37623762376237624 3.664329021814699
0.38613861386138615 3.726235486005924
0.39603960396039606 3.7840715157753313
0.40594059405940597 3.8375947523765555
0.4158415841584158 3.8865680719475777
0.42574257425742573 3.9307631035477764
0.43564356435643564 3.969963934599942
0.44554455445544555 4.003970900348134
0.45544554455445546 4.032604335572883
0.46534653465346537 4.05570815365206
0.4752475247524752 4.073153112068219
0.48514851485148514 4.084839626150139
0.49504950495049505 4.090700004992062
0.504950495049505 4.090700004992061
0.5148514851485149 4.084839626150136
0.5247524752475248 4.073153112068213
0.5346534653465347 4.055708153652051
0.5445544554455446 4.032604335572873
0.5544554455445545 4.0039709003481185
0.5643564356435643 3.969963934599926
0.5742574257425742 3.930763103547761
0.5841584158415841 3.8865680719475626
0.594059405940594 3.8375947523765404
0.6039603960396039 3.784071515775316
0.6138613861386139 3.726235486005909
0.6237623762376238 3.6643290218146842
0.6336633663366337 3.5985964681089486
0.6435643564356436 3.5292812358731585
0.6534653465346535 3.4566232480895343
0.6633663366336634 3.3808567690138576
0.6732673267326733 3.302208616978389
0.6831683168316832 3.2208967470200123
0.693069306930693 3.137129179175175
0.7029702970297029 3.051103241081135
0.7128712871287128 2.9630050892244384
0.7227722772277227 2.87300947132465
0.7326732673267327 2.781279692435836
0.7425742574257426 2.6879677489022615
0.7524752475247525 2.593214596873783
0.7623762376237624 2.497150525289215
0.7722772277227723 2.3998956067618753
0.7821782178217822 2.3015602034099465
0.7920792079207921 2.202245508189147
0.801980198019802 2.102044105585577
0.8118811881188119 2.0010405385375054
0.8217821782178217 1.8993118711367147
0.8316831683168316 1.796928239000317
0.8415841584158416 1.693953381209038
0.8514851485148515 1.5904451493970437
0.8613861386138614 1.4864559909783313
0.8712871287128713 1.3820334046364224
0.8811881188118812 1.277220367119722
0.8910891089108911 1.1720557311059008
0.900990099009901 1.06657459445471
0.9108910891089109 0.960808641586774
0.9207920792079208 0.8547864580302849
0.9306930693069307 0.7485338193892876
0.9405940594059405 0.6420739561245706
0.9504950495049505 0.5354277956165516
0.9603960396039604 0.42861418301193543
0.9702970297029703 0.3216500823530678
0.9801980198019802 0.21455075945967494
0.9900990099009901 0.1073299479841988
1.0 0.0
