0.0 0.0
0.009900990099009901 0.005390081735316237
0.019801980198019802 0.010681604051520549
0.0297029702970297 0.01587404403696805
0.039603960396039604 0.020966885874586998
0.04950495049504951 0.025959621032927215
0.0594059405940594 0.030851748456072577
0.06930693069306931 0.03564277475227913
0.07920792079207921 0.04033221438119962
0.0891089108910891 0.04491958983955434
0.09900990099009901 0.04940443184510813
0.10891089108910891 0.05378627951881254
0.1188118811881188 0.058064680564972423
0.12871287128712872 0.06223919144929604
0.13861386138613863 0.06630937757468802
0.1485148514851485 0.07027481345464479
0.15841584158415842 0.07413508288411283
0.16831683168316833 0.07788977910767066
0.1782178217821782 0.08153850498489651
0.18811881188118812 0.08508087315278451
0.19801980198019803 0.08851650618507398
0.2079207920792079 0.09184503674835728
0.21782178217821782 0.09506610775483378
0.22772277227722773 0.09817937251157917
0.2376237623762376 0.10118449486620142
0.24752475247524752 0.1040811493487569
0.25742574257425743 0.10686902130980233
0.26732673267326734 0.10954780705446171
0.27722772277227725 0.11211721397238837
0.2871287128712871 0.1145769606635074
0.297029702970297 0.11692677705942496
0.3069306930693069 0.1191664045403956
0.31683168316831684 0.12129559604774084
0.32673267326732675 0.12331411619161747
0.33663366336633666 0.12522174135403613
0.3465346534653465 0.12701825978703624
0.3564356435643564 0.12870347170592558
0.36633663366336633 0.1302771893774993
0.37623762376237624 0.13173923720315495
0.38613861386138615 0.1330894517968272
0.39603960396039606 0.1343276820576678
0.40594059405940597 0.13545378923740364
0.4158415841584158 0.13646764700230882
0.42574257425742573 0.13736914148973195
0.43564356435643564 0.13815817135912573
0.44554455445544555 0.13883464783752955
0.45544554455445546 0.13939849475946273
0.46534653465346537 0.13984964860118937
0.4752475247524752 0.14018805850932292
0.48514851485148514 0.14041368632374268
0.49504950495049505 0.14052650659480037
0.504950495049505 0.14052650659480037
0.5148514851485149 0.14041368632374268
0.5247524752475248 0.14018805850932292
0.5346534653465347 0.13984964860118937
0.5445544554455446 0.13939849475946273
0.5544554455445545 0.13883464783752952
0.5643564356435643 0.13815817135912573
0.5742574257425742 0.13736914148973195
0.5841584158415841 0.13646764700230882
0.594059405940594 0.13545378923740364
0.6039603960396039 0.13432768205766776
0.6138613861386139 0.1330894517968272
0.6237623762376238 0.13173923720315495
0.6336633663366337 0.13027718937749927
0.6435643564356436 0.12870347170592558
0.6534653465346535 0.12701825978703624
0.6633663366336634 0.12522174135403613
0.6732673267326733 0.12331411619161746
0.6831683168316832 0.12129559604774084
0.693069306930693 0.1191664045403956
0.7029702970297029 0.11692677705942496
0.7128712871287128 0.11457696066350738
0.7227722772277227 0.11211721397238836
0.7326732673267327 0.10954780705446171
0.7425742574257426 0.10686902130980233
0.7524752475247525 0.10408114934875688
0.7623762376237624 0.1011844948662014
0.7722772277227723 0.09817937251157917
0.7821782178217822 0.09506610775483378
0.7920792079207921 0.09184503674835728
0.801980198019802 0.08851650618507398
0.8118811881188119 0.08508087315278451
0.8217821782178217 0.08153850498489651
0.8316831683168316 0.07788977910767066
0.8415841584158416 0.07413508288411283
0.8514851485148515 0.07027481345464477
0.8613861386138614 0.06630937757468802
0.8712871287128713 0.06223919144929604
0.8811881188118812 0.05806468056497241
0.8910891089108911 0.053786279518812534
0.900990099009901 0.04940443184510812
0.9108910891089109 0.04491958983955433
0.9207920792079208 0.040332214381199605
0.9306930693069307 0.03564277475227912
0.9405940594059405 0.03085174845607257
0.9504950495049505 0.02595962103292721
0.9603960396039604 0.020966885874586994
0.9702970297029703 0.015874044036968047
0.9801980198019802 0.010681604051520547
0.9900990099009901 0.0053900817353162355
1.0 0.0
